2 2158 37240 8992 4095 15
2 2159 37340 8992 4095 17
1 2032 4707 5998 747 15
1 2033 4807 5998 747 17
2 2160 37440 8992 4095 16
2 2161 37540 8992 4095 15
1 2034 4907 5998 747 17
1 2035 5007 5998 747 23
2 2162 37640 8992 4095 18
2 2163 37740 8993 4095 17
1 2036 5107 5997 746 18
1 2037 5207 5997 746 17
2 2164 37840 8993 4095 18
2 2165 37941 8993 4095 15
1 2038 5307 5997 746 18
1 2039 5407 5998 746 17
2 2166 38040 8991 4095 15
2 2167 38140 8991 4095 18
1 2040 5507 5998 746 20
1 2041 5607 5998 746 17
2 2168 38240 8991 4095 18
2 2169 38340 8992 4095 16
1 2042 5707 5998 746 18
1 2043 5807 5998 746 17
2 2170 38440 8992 4095 15
2 2171 38540 8992 4095 17
1 2044 5907 5998 746 22
1 2045 6007 5997 746 17
2 2172 38641 8992 4095 17
2 2173 38740 8992 4095 15
1 2046 6107 5997 746 17
1 2047 6207 5997 746 20
2 2174 38840 8992 4095 16
2 2175 38940 8992 4095 17
1 2048 6307 5997 746 23
1 2049 6407 5997 746 19
2 2176 39040 8992 4095 18
2 2177 39140 8992 4095 14
1 2050 6507 5997 746 18
1 2051 6607 5998 746 20
2 2178 39240 8992 4095 15
2 2179 39340 8992 4095 18
1 2052 6707 5998 746 20
1 2053 6807 5998 746 12
2 2180 39440 8992 4095 17
2 2181 39541 8993 4095 12
1 2054 6907 5998 746 14
1 2055 7007 5998 746 19
2 2182 39640 8993 4095 15
2 2183 39740 8993 4095 16
1 2056 7107 5998 746 20
1 2057 7207 5998 745 17
2 2184 39841 8993 4095 17
2 2185 39940 8993 4095 12
1 2058 7308 5998 745 17
1 2059 7407 5998 745 18
2 2186 40040 8993 4095 12
2 2187 40140 8992 4095 15
1 2060 7507 5998 746 19
1 2061 7607 5998 746 16
2 2188 40240 8992 4095 11
2 2189 40340 8992 4095 12
1 2062 7707 5998 746 15
1 2063 7807 5999 746 16
2 2190 40440 8993 4095 14
2 2191 40540 8993 4095 14
1 2064 7907 5999 746 17
1 2065 8007 5999 746 19
2 2192 40640 8993 4095 15
2 2193 40740 8994 4095 13
1 2066 8107 5998 746 15
1 2067 8207 5998 746 15
2 2194 40840 8994 4095 13
2 2195 40940 8994 4095 14
1 2068 8307 5998 746 17
1 2069 8407 5998 745 12
2 2196 41041 8992 4095 14
2 2197 41140 8992 4095 14
1 2070 8507 5998 745 17
1 2071 8607 5998 745 14
2 2198 41240 8992 4095 13
2 2199 41340 8994 4095 14
1 2072 8707 5998 744 14
1 2073 8807 5998 744 16
2 2200 41441 8994 4095 14
2 2201 41540 8994 4095 15
1 2074 8907 5998 744 16
1 2075 9007 5998 744 14
2 2202 41640 8993 4095 14
2 2203 41740 8993 4095 12
1 2076 9107 5998 744 13
1 2077 9207 5998 744 16
2 2204 41840 8993 4095 14
2 2205 41940 8993 4095 15
1 2078 9307 5999 744 16
1 2079 9407 5999 744 15
2 2206 42040 8993 4095 15
2 2207 42140 8993 4095 13
1 2080 9507 5999 744 14
1 2081 9607 5998 744 15
2 2208 42240 8994 4095 13
2 2209 42340 8994 4095 14
1 2082 9707 5998 744 16
1 2083 9807 5998 744 17
2 2210 42440 8994 4095 15
2 2211 42540 8992 4095 13
1 2084 9907 5998 744 15
1 2085 10007 5998 744 17
2 2212 42641 8992 4095 12
2 2213 42741 8992 4095 12
1 2086 10107 5998 744 20
1 2087 10207 5998 744 14
2 2214 42840 8993 4095 11
2 2215 42940 8993 4095 13
1 2088 10307 5998 744 14
1 2089 10407 5998 744 16
2 2216 43040 8993 4095 13
2 2217 43140 8995 4095 14
1 2090 10507 5999 744 16
1 2091 10607 5999 744 15
2 2218 43240 8995 4095 13
2 2219 43340 8995 4095 10
1 2092 10707 5999 744 19
1 2093 10807 5999 744 18
2 2220 43440 8994 4095 14
2 2221 43541 8994 4095 14
1 2094 10907 5999 744 16
1 2095 11007 5999 744 17
2 2222 43640 8994 4095 14
2 2223 43740 8993 4095 12
1 2096 11107 5998 744 18
1 2097 11207 5998 744 20
2 2224 43840 8993 4095 13
2 2225 43940 8993 4095 14
1 2098 11307 5998 744 19
1 2099 11407 5998 743 17
2 2226 44041 8994 4095 15
2 2227 44140 8994 4095 15
1 2100 11507 5998 743 17
1 2101 11607 5998 743 19
2 2228 44240 8994 4095 12
2 2229 44342 8994 4095 13
1 2102 11708 5998 743 20
1 2103 11807 5998 743 20
2 2230 44440 8994 4095 13
2 2231 44540 8994 4095 12
1 2104 11907 5998 743 20
1 2105 12007 5998 742 18
2 2232 44640 8995 4095 13
2 2233 44740 8995 4095 13
1 2106 12107 5998 742 19
1 2107 12207 5998 742 19
2 2234 44840 8995 4095 14
2 2235 44941 8994 4095 11
1 2108 12307 5998 742 19
1 2109 12407 5998 742 20
2 2236 45040 8994 4095 16
2 2237 45140 8994 4095 13
1 2110 12507 5998 742 22
1 2111 12607 5999 742 23
2 2238 45240 8994 4095 14
2 2239 45340 8994 4095 14
1 2112 12707 5999 742 21
1 2113 12807 5999 742 17
2 2240 45440 8994 4095 12
2 2241 45540 8994 4095 11
1 2114 12907 5999 742 16
1 2115 13007 5999 742 19
2 2242 45641 8994 4095 12
2 2243 45740 8994 4095 11
1 2116 13107 5999 742 18
1 2117 13207 5998 741 15
2 2244 45840 8994 4095 15
2 2245 45940 8994 4095 11
1 2118 13307 5998 741 15
1 2119 13407 5998 741 17
2 2246 46040 8994 4095 13
2 2247 46140 8997 4095 13
1 2120 13507 5998 742 15
1 2121 13607 5998 742 12
2 2248 46240 8997 4095 15
2 2249 46340 8997 4095 11
1 2122 13707 5998 742 13
1 2123 13807 5998 741 15
2 2250 46440 8995 4095 12
2 2251 46540 8995 4095 14
1 2124 13907 5998 741 16
1 2125 14007 5998 741 13
2 2252 46640 8995 4095 14
2 2253 46740 8995 4095 12
1 2126 14107 5999 740 13
1 2127 14207 5999 740 16
2 2254 46840 8995 4095 12
2 2255 46941 8995 4095 14
1 2128 14307 5999 740 15
1 2129 14407 5999 742 14
2 2256 47041 8996 4095 14
2 2257 47140 8996 4095 13
1 2130 14507 5999 742 13
1 2131 14607 5999 742 15
2 2258 47240 8996 4095 10
2 2259 47340 8995 4095 15
1 2132 14707 5998 740 15
1 2133 14807 5998 740 14
2 2260 47440 8995 4095 15
2 2261 47540 8995 4095 12
1 2134 14907 5998 740 16
1 2135 15007 5998 740 17
2 2262 47640 8995 4095 14
2 2263 47740 8995 4095 17
1 2136 15107 5998 740 19
1 2137 15207 5998 740 17
2 2264 47840 8995 4095 17
2 2265 47940 8997 4095 15
1 2138 15307 5999 740 19
1 2139 15407 5999 740 18
2 2266 48040 8997 4095 14
2 2267 48140 8997 4095 16
1 2140 15507 5999 740 20
1 2141 15607 5998 740 19
2 2268 48240 8995 4095 17
2 2269 48340 8995 4095 17
1 2142 15707 5998 740 20
1 2143 15808 5998 740 18
2 2270 48440 8995 4095 15
2 2271 48540 8996 4095 15
1 2144 15907 5998 740 18
1 2145 16007 5998 740 20
2 2272 48640 8996 4095 15
2 2273 48740 8996 4095 16
1 2146 16107 5998 740 18
1 2147 16207 5998 740 17
2 2274 48840 8995 4095 15
2 2275 48940 8995 4095 14
1 2148 16307 5998 740 18
1 2149 16407 5998 740 20
2 2276 49040 8995 4095 19
2 2277 49140 8996 4095 17
1 2150 16507 5999 740 19
1 2151 16607 5999 740 18
2 2278 49240 8996 4095 17
2 2279 49340 8996 4095 15
1 2152 16707 5999 740 19
1 2153 16807 5999 740 21
2 2280 49440 8996 4095 17
2 2281 49540 8996 4095 18
1 2154 16907 5999 740 20
1 2155 17007 5999 740 17
2 2282 49640 8996 4095 18
2 2283 49740 8997 4095 15
1 2156 17107 5998 740 18
1 2157 17207 5998 740 19
2 2284 49840 8997 4095 14
2 2285 49940 8997 4095 17
1 2158 17307 5998 740 21
1 2159 17407 6000 740 17
2 2286 50040 8997 4095 18
2 2287 50140 8997 4095 18
1 2160 17507 6000 740 18
1 2161 17607 6000 740 20
2 2288 50240 8997 4095 16
2 2289 50340 8997 4095 17
1 2162 17707 5999 739 20
1 2163 17807 5999 739 18
2 2290 50440 8997 4095 18
2 2291 50540 8997 4095 14
1 2164 17907 5999 739 17
1 2165 18007 5999 740 20
2 2292 50640 8996 4095 15
2 2293 50740 8996 4095 16
1 2166 18107 5999 740 20
1 2167 18207 5999 740 16
2 2294 50840 8996 4095 18
2 2295 50940 8998 4095 15
1 2168 18307 5998 740 17
1 2169 18407 5998 740 19
2 2296 51041 8998 4095 15
2 2297 51140 8998 4095 15
1 2170 18507 5998 740 20
1 2171 18607 5999 740 17
2 2298 51240 8998 4095 17
2 2299 51340 8998 4095 16
1 2172 18707 5999 740 17
1 2173 18807 5999 740 19
2 2300 51440 8998 4095 14
2 2301 51540 8999 4095 16
1 2174 18907 6000 740 19
1 2175 19007 6000 740 19
2 2302 51640 8999 4095 17
2 2303 51740 8999 4095 17
1 2176 19107 6000 740 17
1 2177 19207 5999 738 18
2 2304 51841 8997 4095 15
2 2305 51940 8997 4095 15
1 2178 19307 5999 738 19
1 2179 19407 5999 738 18
2 2306 52040 8997 4095 14
2 2307 52142 8998 4095 17
1 2180 19507 5998 739 15
1 2181 19607 5998 739 14
2 2308 52240 8998 4095 16
2 2309 52340 8998 4095 13
1 2182 19707 5998 739 12
1 2183 19808 5999 740 16
2 2310 52440 8999 4095 15
2 2311 52541 8999 4095 15
1 2184 19907 5999 740 16
1 2185 20007 5999 740 13
2 2312 52640 8999 4095 16
2 2313 52740 8999 4095 13
1 2186 20107 6000 738 15
1 2187 20207 6000 738 15
2 2314 52840 8999 4095 15
2 2315 52940 8999 4095 15
1 2188 20307 6000 738 16
1 2189 20407 6000 738 14
2 2316 53040 8999 4095 15
2 2317 53140 8999 4095 13
1 2190 20507 6000 738 13
1 2191 20607 6000 738 15
2 2318 53240 8999 4095 13
2 2319 53340 9000 4095 15
1 2192 20707 5999 738 15
1 2193 20807 5999 738 14
2 2320 53440 9000 4095 15
2 2321 53540 9000 4095 13
1 2194 20907 5999 738 14
1 2195 21007 5999 739 16
2 2322 53640 9000 4095 13
2 2323 53740 9000 4095 14
1 2196 21107 5999 739 15
1 2197 21207 5999 739 14
2 2324 53840 9000 4095 14
2 2325 53940 9000 4095 12
1 2198 21307 5998 740 14
1 2199 21407 5998 740 16
2 2326 54040 9000 4095 12
2 2327 54140 9000 4095 15
1 2200 21507 5998 740 16
1 2201 21607 5999 738 14
2 2328 54240 9000 4095 15
2 2329 54340 9000 4095 12
1 2202 21707 5999 738 14
1 2203 21807 5999 738 15
2 2330 54440 9000 4095 13
2 2331 54540 9000 4095 15
1 2204 21907 5997 739 16
1 2205 22007 5997 739 14
2 2332 54640 9000 4095 14
2 2333 54740 9000 4095 13
1 2206 22107 5997 739 14
1 2207 22207 5999 738 15
2 2334 54840 9000 4095 12
2 2335 54940 9000 4095 14
1 2208 22307 5999 738 16
1 2209 22407 5999 738 14
2 2336 55040 9000 4095 15
2 2337 55140 9000 4095 13
1 2210 22507 6000 739 14
1 2211 22607 6000 739 14
2 2338 55240 9000 4095 15
2 2339 55340 9000 4095 14
1 2212 22707 6000 739 16
1 2213 22807 5998 739 15
2 2340 55440 8999 4095 14
2 2341 55540 8999 4095 15
1 2214 22907 5998 739 16
1 2215 23007 5998 739 14
2 2342 55640 8999 4095 12
2 2343 55740 9000 4095 13
1 2216 23107 5999 739 15
1 2217 23207 5999 739 16
2 2344 55840 9000 4095 12
2 2345 55940 9000 4095 14
1 2218 23307 5999 739 16
1 2219 23407 5999 740 13
2 2346 56040 8998 4095 13
2 2347 56140 8998 4095 13
1 2220 23507 5999 740 10
1 2221 23607 5999 740 16
2 2348 56240 8998 4095 13
2 2349 56340 9000 4095 15
1 2222 23707 6000 739 15
1 2223 23807 6000 739 14
2 2350 56440 9000 4095 13
2 2351 56541 9000 4095 12
1 2224 23907 6000 739 14
1 2225 24007 6000 738 16
2 2352 56640 9000 4095 12
2 2353 56740 9000 4095 13
1 2226 24107 6000 738 15
1 2227 24207 6000 738 13
2 2354 56840 9000 4095 14
2 2355 56940 9000 4095 12
1 2228 24307 5998 738 14
1 2229 24407 5998 738 16
2 2356 57040 9000 4095 11
2 2357 57140 9000 4095 15
1 2230 24507 5998 738 16
1 2231 24607 6000 739 14
2 2358 57240 9002 4095 15
2 2359 57340 9002 4095 12
1 2232 24707 6000 739 13
1 2233 24807 6000 739 18
2 2360 57440 9002 4095 13
2 2361 57540 9002 4095 14
1 2234 24907 6000 740 16
1 2235 25007 6000 740 14
2 2362 57640 9002 4095 14
2 2363 57740 9002 4095 11
1 2236 25107 6000 740 14
1 2237 25207 5999 739 16
2 2364 57840 9002 4095 12
2 2365 57940 9002 4095 14
1 2238 25307 5999 739 15
1 2239 25407 5999 739 15
2 2366 58040 9002 4095 12
2 2367 58140 9001 4095 12
1 2240 25507 6000 738 15
1 2241 25607 6000 738 18
2 2368 58240 9001 4095 13
2 2369 58340 9001 4095 14
1 2242 25707 6000 738 16
1 2243 25807 5999 738 18
2 2370 58440 9000 4095 15
2 2371 58540 9000 4095 14
1 2244 25907 5999 738 18
1 2245 26007 5999 738 19
2 2372 58640 9000 4095 13
2 2373 58740 9002 4095 15
1 2246 26107 6000 740 19
1 2247 26207 6000 740 19
2 2374 58840 9002 4095 16
2 2375 58940 9002 4095 17
1 2248 26307 6000 740 17
1 2249 26407 6000 738 18
2 2376 59040 9001 4095 16
2 2377 59140 9001 4095 15
1 2250 26507 6000 738 18
1 2251 26607 6000 738 20
2 2378 59240 9001 4095 17
2 2379 59340 9001 4095 16
1 2252 26707 6000 738 17
1 2253 26807 6000 738 17
2 2380 59440 9001 4095 17
2 2381 59540 9001 4095 15
1 2254 26907 6000 738 16
1 2255 27007 6000 738 19
2 2382 59641 9001 4095 16
2 2383 59740 9001 4095 17
1 2256 27107 6000 738 18
1 2257 27207 6000 738 16
2 2384 59840 9001 4095 17
2 2385 59940 9001 4095 15
1 2258 27307 6000 740 18
1 2259 27407 6000 740 19
2 2386 60040 9001 4095 14
2 2387 60140 9001 4095 18
1 2260 27507 6000 740 19
1 2261 27607 6000 738 17
2 2388 60240 9002 4095 17
2 2389 60340 9002 4095 14
1 2262 27707 6000 738 17
1 2263 27807 6000 738 19
2 2390 60440 9002 4095 16
2 2391 60540 9000 4095 20
1 2264 27907 6000 739 20
1 2265 28008 6000 739 18
2 2392 60640 9000 4095 14
2 2393 60740 9000 4095 14
1 2266 28107 6000 739 17
1 2267 28207 6000 739 17
2 2394 60840 9002 4095 14
2 2395 60940 9002 4095 16
1 2268 28307 6000 739 19
1 2269 28408 6000 739 14
2 2396 61040 9002 4095 15
2 2397 61140 9002 4095 10
1 2270 28507 6001 738 13
1 2271 28607 6001 738 14
2 2398 61240 9002 4095 15
2 2399 61340 9002 4095 16
1 2272 28707 6001 738 15
1 2273 28807 6001 738 13
2 2400 61440 9001 4095 17
2 2401 61540 9001 4095 15
1 2274 28907 6001 738 15
1 2275 29008 6001 738 17
2 2402 61640 9001 4095 15
2 2403 61740 9002 4095 17
1 2276 29108 5999 738 18
1 2277 29207 5999 738 17
2 2404 61840 9002 4095 17
2 2405 61940 9002 4095 17
1 2278 29307 5999 738 16
1 2279 29407 6001 739 19
2 2406 62040 9001 4095 15
2 2407 62140 9001 4095 17
1 2280 29507 6001 739 20
1 2281 29607 6001 739 18
2 2408 62240 9001 4095 19
2 2409 62340 9002 4095 17
1 2282 29707 6001 738 18
1 2283 29807 6001 738 19
2 2410 62440 9002 4095 16
2 2411 62540 9002 4095 16
1 2284 29907 6001 738 20
1 2285 30007 6000 739 20
2 2412 62640 9001 4095 16
2 2413 62740 9001 4095 17
1 2286 30107 6000 739 20
1 2287 30207 6000 739 19
2 2414 62840 9001 4095 15
2 2415 62940 9001 4095 15
1 2288 30307 6000 738 20
1 2289 30407 6000 738 21
2 2416 63040 9001 4095 17
2 2417 63140 9001 4095 18
1 2290 30507 6000 738 16
1 2291 30607 6000 738 19
2 2418 63240 9001 4095 15
2 2419 63341 9001 4095 17
1 2292 30707 6000 738 19
1 2293 30807 6000 738 21
2 2420 63440 9001 4095 14
2 2421 63540 9001 4095 15
1 2294 30907 6000 739 19
1 2295 31007 6000 739 18
2 2422 63640 9001 4095 16
2 2423 63740 9001 4095 15
1 2296 31107 6000 739 19
1 2297 31207 6000 738 21
2 2424 63840 9002 4095 14
2 2425 63940 9002 4095 16
1 2298 31307 6000 738 20
1 2299 31407 6000 738 17
2 2426 64040 9002 4095 16
2 2427 64140 9001 4095 14
1 2300 31507 6000 738 19
1 2301 31607 6000 738 21
2 2428 64240 9001 4095 12
2 2429 64340 9001 4095 16
1 2302 31708 6000 738 21
1 2303 31807 6000 739 18
2 2430 64440 9003 4095 16
2 2431 64540 9003 4095 15
1 2304 31907 6000 739 18
1 2305 32007 6000 739 21
2 2432 64640 9003 4095 14
2 2433 64740 9003 4095 14
1 2306 32107 6001 740 21
1 2307 32207 6001 740 18
2 2434 64840 9003 4095 16
2 2435 64941 9003 4095 14
1 2308 32307 6001 740 18
1 2309 32407 6000 739 20
1 2308 32307 6001 740 18
1 2309 32407 6000 739 20
2 2436 65040 9002 4095 14
2 2437 65140 9002 4095 15
1 2310 32507 6000 739 20
1 2311 32607 6000 739 18
2 2438 65240 9002 4095 16
2 2439 65340 9001 4095 12
1 2312 32707 5999 738 19
1 2313 32807 5999 738 18
2 2440 65441 9001 4095 14
2 2441 4 9001 4095 14
1 2314 32907 5999 738 22
1 2315 33007 6001 738 18
2 2442 105 9003 4095 13
2 2443 204 9003 4095 16
1 2316 33107 6001 738 18
1 2317 33207 6001 738 19
2 2444 304 9003 4095 14
2 2445 404 9001 4095 7
1 2318 33307 6002 740 20
1 2319 33407 6002 740 19
2 2446 504 9001 4095 14
2 2447 604 9001 4095 16
1 2320 33507 6002 740 15
1 2321 33607 6001 739 20
2 2448 704 9003 4095 15
2 2449 804 9003 4095 15
1 2322 33707 6001 739 18
1 2323 33807 6001 739 21
2 2450 904 9003 4095 16
2 2451 1004 9002 4095 17
1 2324 33907 6000 740 20
1 2325 34007 6000 740 18
2 2452 1104 9002 4095 17
2 2453 1204 9002 4095 15
1 2326 34107 6000 740 20
1 2327 34207 6002 740 21
2 2454 1304 9002 4095 6
2 2455 1404 9002 4095 16
1 2328 34307 6002 740 21
1 2329 34407 6002 740 15
2 2456 1504 9002 4095 8
2 2457 1604 9002 4095 5
1 2330 34507 6002 740 19
1 2331 34607 6002 740 20
2 2458 1704 9002 4095 11
2 2459 1804 9002 4095 18
1 2332 34707 6002 740 20
1 2333 34807 6000 741 18
2 2460 1904 9002 4095 15
2 2461 2004 9002 4095 16
1 2334 34907 6000 741 17
1 2335 35007 6000 741 20
2 2462 2104 9002 4095 13
2 2463 2204 9001 4095 17
1 2336 35107 6000 741 20
1 2337 35207 6000 741 18
2 2464 2305 9001 4095 11
2 2465 2404 9001 4095 15
1 2338 35307 6000 741 18
1 2339 35407 6001 742 20
2 2466 2504 9001 4095 14
2 2467 2604 9001 4095 8
1 2340 35507 6001 742 21
1 2341 35607 6001 742 20
2 2468 2704 9001 4095 16
2 2469 2804 9002 4095 16
1 2342 35707 6001 743 18
1 2343 35807 6001 743 21
2 2470 2904 9002 4095 19
2 2471 3004 9002 4095 17
1 2344 35907 6001 743 21
1 2345 36007 6001 743 20
2 2472 3104 9002 4095 17
2 2473 3204 9002 4095 6
1 2346 36107 6001 743 17
1 2347 36207 6001 743 20
2 2474 3304 9002 4095 16
2 2475 3404 9001 4095 20
1 2348 36307 6000 744 18
1 2349 36407 6000 744 19
2 2476 3504 9001 4095 22
2 2477 3604 9001 4095 12
1 2350 36507 6000 744 19
1 2351 36607 6000 744 20
2 2478 3704 9000 4095 13
2 2479 3804 9000 4095 16
1 2352 36707 6000 744 20
1 2353 36807 6000 744 18
2 2480 3904 9000 4095 17
2 2481 4004 9000 4095 15
2 2482 4104 9000 4095 15
2 2483 4204 9000 4095 16
1 2356 37108 6002 744 22
1 2357 37207 6000 745 21
2 2484 4304 9002 4095 16
2 2485 4404 9002 4095 15
1 2358 37307 6000 745 18
1 2359 37407 6000 745 19
2 2486 4504 9002 4095 15
2 2487 4604 9001 4095 15
1 2360 37507 6000 746 21
1 2361 37607 6000 746 20
2 2488 4704 9001 4095 15
2 2489 4804 9001 4095 20
1 2362 37707 6000 746 18
1 2363 37807 6001 746 19
2 2490 4904 9001 4095 15
2 2491 5004 9001 4095 16
1 2364 37907 6001 746 19
1 2365 38008 6001 746 21
2 2492 5104 9001 4095 17
2 2493 5204 9001 4095 17
1 2366 38107 6002 747 21
1 2367 38207 6002 747 18
2 2494 5304 9001 4095 17
2 2495 5404 9001 4095 20
1 2368 38307 6002 747 20
1 2369 38407 6001 748 21
2 2496 5504 9001 4095 14
2 2497 5604 9001 4095 17
1 2370 38507 6001 748 21
1 2371 38607 6001 748 18
2 2498 5704 9001 4095 7
2 2499 5804 9003 4095 16
1 2372 38707 6001 748 19
1 2373 38807 6001 748 21
2 2500 5904 9003 4095 16
2 2501 6004 9003 4095 14
1 2374 38907 6001 748 21
1 2375 39007 6002 748 19
2 2502 6105 9000 4095 19
2 2503 6205 9000 4095 14
1 2376 39108 6002 748 18
1 2377 39207 6002 748 21
2 2504 6304 9000 4095 4
2 2505 6404 9001 4095 17
1 2378 39307 6002 748 21
1 2379 39407 6002 748 17
2 2506 6504 9001 4095 14
2 2507 6604 9001 4095 13
1 2380 39507 6002 748 18
1 2381 39607 6001 748 21
2 2508 6704 9001 4095 14
2 2509 6804 9001 4095 17
1 2382 39707 6001 748 20
1 2383 39807 6001 748 18
2 2510 6904 9001 4095 17
2 2511 7004 8999 4095 16
1 2384 39907 6000 749 18
1 2385 40007 6000 749 19
2 2512 7104 8999 4095 14
2 2513 7204 8999 4095 18
1 2386 40107 6000 749 21
1 2387 40207 6001 749 18
2 2514 7304 9001 4095 8
2 2515 7404 9001 4095 20
1 2388 40307 6001 749 18
1 2389 40407 6001 749 20
2 2516 7504 9001 4095 13
2 2517 7604 9000 4095 18
1 2390 40507 6002 749 20
1 2391 40607 6002 749 17
2 2518 7704 9000 4095 13
2 2519 7804 9000 4095 21
1 2392 40707 6002 749 18
1 2393 40807 6000 748 17
2 2520 7906 9002 4095 15
2 2521 8004 9002 4095 15
1 2394 40907 6000 748 20
1 2395 41007 6000 748 21
2 2522 8104 9002 4095 16
2 2523 8204 9001 4095 16
1 2396 41107 6000 750 18
1 2397 41207 6000 750 20
2 2524 8304 9001 4095 15
2 2525 8404 9001 4095 16
1 2398 41307 6000 750 21
1 2399 41407 6002 748 21
2 2526 8504 9001 4095 14
2 2527 8604 9001 4095 17
1 2400 41507 6002 748 19
1 2401 41607 6002 748 19
2 2528 8704 9001 4095 15
2 2529 8804 9001 4095 15
1 2402 41707 6002 750 20
1 2403 41807 6002 750 22
2 2530 8904 9001 4095 17
2 2531 9004 9001 4095 16
1 2404 41907 6002 750 21
1 2405 42007 6002 749 18
2 2532 9104 9001 4095 15
2 2533 9204 9001 4095 15
1 2406 42107 6002 749 17
1 2407 42207 6002 749 21
2 2534 9304 9001 4095 18
2 2535 9404 9001 4095 18
1 2408 42307 6001 749 20
1 2409 42407 6001 749 18
2 2536 9504 9001 4095 18
2 2537 9604 9001 4095 16
1 2410 42507 6001 749 19
1 2411 42607 6002 750 21
2 2538 9704 9000 4095 13
2 2539 9804 9000 4095 17
1 2412 42707 6002 750 22
1 2413 42807 6002 750 18
2 2540 9904 9000 4095 16
2 2541 10004 9001 4095 6
1 2414 42907 6002 749 19
1 2415 43007 6002 749 21
2 2542 10104 9001 4095 8
2 2543 10204 9001 4095 19
1 2416 43107 6002 749 21
1 2417 43207 6001 750 18
2 2544 10304 9000 4095 16
2 2545 10404 9000 4095 15
1 2418 43307 6001 750 18
1 2419 43407 6001 750 20
2 2546 10504 9000 4095 11
2 2547 10604 9001 4095 21
1 2420 43507 6001 749 22
1 2421 43607 6001 749 18
2 2548 10704 9001 4095 17
2 2549 10804 9001 4095 15
1 2422 43707 6001 749 19
1 2423 43807 6001 749 21
2 2550 10904 9001 4095 15
2 2551 11004 9001 4095 18
1 2424 43907 6001 749 20
1 2425 44007 6001 749 17
2 2552 11104 9001 4095 15
2 2553 11204 9002 4095 15
1 2426 44107 6001 748 19
1 2427 44207 6001 748 20
2 2554 11304 9002 4095 18
2 2555 11404 9002 4095 16
1 2428 44307 6001 748 21
1 2429 44407 6000 748 18
2 2556 11504 9000 4095 14
2 2557 11604 9000 4095 16
1 2430 44507 6000 748 19
1 2431 44607 6000 748 20
2 2558 11704 9000 4095 12
2 2559 11804 9001 4095 6
1 2432 44707 6000 748 21
1 2433 44807 6000 748 19
2 2560 11904 9001 4095 17
2 2561 12004 9001 4095 8
1 2434 44907 6000 748 21
1 2435 45007 6000 748 23
2 2562 12104 9000 4095 15
2 2563 12204 9000 4095 11
1 2436 45107 6000 748 20
1 2437 45207 6000 748 22
2 2564 12304 9000 4095 16
2 2565 12404 9001 4095 17
1 2438 45307 6000 748 19
1 2439 45407 6000 748 18
2 2566 12504 9001 4095 16
2 2567 12604 9001 4095 16
1 2440 45507 6000 748 20
1 2441 45607 6000 748 21
2 2568 12706 9000 4095 17
2 2569 12804 9000 4095 16
1 2442 45707 6000 748 21
1 2443 45807 6000 748 19
2 2570 12904 9000 4095 16
2 2571 13004 9000 4095 12
1 2444 45907 6001 748 19
1 2445 46007 6001 748 19
2 2572 13104 9000 4095 14
2 2573 13204 9000 4095 23
1 2446 46107 6001 748 20
1 2447 46207 6000 748 18
2 2574 13304 9001 4095 16
2 2575 13404 9001 4095 15
1 2448 46307 6000 748 17
1 2449 46407 6000 748 21
2 2576 13504 9001 4095 15
2 2577 13604 9001 4095 16
1 2450 46507 6002 748 21
1 2451 46607 6002 748 12
2 2578 13704 9001 4095 14
2 2579 13804 9001 4095 18
1 2452 46707 6002 748 12
1 2453 46807 6000 747 23
2 2580 13904 9001 4095 14
2 2581 14004 9001 4095 16
1 2454 46908 6000 747 17
1 2455 47007 6000 747 12
2 2582 14104 9001 4095 19
2 2583 14204 9001 4095 9
1 2456 47107 6000 746 15
1 2457 47208 6000 746 24
2 2584 14304 9001 4095 12
2 2585 14404 9001 4095 15
1 2458 47307 6000 746 18
1 2459 47407 6001 746 16
2 2586 14504 9001 4095 17
2 2587 14604 9001 4095 14
1 2460 47507 6001 746 16
1 2461 47607 6001 746 22
2 2588 14704 9001 4095 10
2 2589 14804 9001 4095 16
1 2462 47707 6001 746 18
1 2463 47807 6001 746 18
2 2590 14904 9001 4095 12
2 2591 15004 9001 4095 11
1 2464 47907 6001 746 16
1 2465 48007 6000 746 18
2 2592 15104 9001 4095 13
2 2593 15204 9001 4095 16
1 2466 48107 6000 746 15
1 2467 48207 6000 746 16
2 2594 15304 9001 4095 11
2 2595 15404 9001 4095 4
1 2468 48307 5999 746 14
1 2469 48407 5999 746 13
2 2596 15504 9001 4095 17
2 2597 15604 9001 4095 12
1 2470 48507 5999 746 17
1 2471 48607 6001 746 16
2 2598 15704 9001 4095 15
2 2599 15804 9001 4095 16
1 2472 48707 6001 746 16
1 2473 48807 6001 746 13
2 2600 15904 9001 4095 13
2 2601 16004 9001 4095 16
1 2474 48907 6002 745 15
1 2475 49007 6002 745 13
2 2602 16104 9001 4095 6
2 2603 16204 9001 4095 8
1 2476 49107 6002 745 14
1 2477 49207 6000 745 14
2 2604 16304 9000 4095 8
2 2605 16404 9000 4095 10
1 2478 49307 6000 745 14
1 2479 49407 6000 745 16
2 2606 16504 9000 4095 12
2 2607 16604 9001 4095 12
1 2480 49507 5999 744 13
1 2481 49607 5999 744 14
2 2608 16704 9001 4095 12
2 2609 16804 9001 4095 9
1 2482 49707 5999 744 13
1 2483 49807 6000 744 16
2 2610 16904 9001 4095 12
2 2611 17004 9001 4095 14
1 2484 49907 6000 744 16
1 2485 50007 6000 744 14
2 2612 17104 9001 4095 13
2 2613 17204 9000 4095 12
1 2486 50107 6000 744 14
1 2487 50207 6000 744 15
2 2614 17304 9000 4095 12
2 2615 17404 9000 4095 16
1 2488 50307 6000 744 16
1 2489 50407 6000 744 13
2 2616 17505 8999 4095 14
2 2617 17604 8999 4095 11
1 2490 50507 6000 744 13
1 2491 50607 6000 744 15
2 2618 17704 8999 4095 11
2 2619 17804 9001 4095 19
1 2492 50707 6000 744 16
1 2493 50807 6000 744 14
2 2620 17904 9001 4095 12
2 2621 18004 9001 4095 8
1 2494 50907 6000 744 17
1 2495 51007 6002 743 19
2 2622 18104 9001 4095 9
2 2623 18204 9001 4095 9
1 2496 51107 6002 743 19
1 2497 51207 6002 743 17
2 2624 18304 9001 4095 13
2 2625 18404 9001 4095 7
1 2498 51307 6001 742 18
1 2499 51407 6001 742 22
2 2626 18504 9001 4095 2
2 2627 18604 9001 4095 10
1 2500 51507 6001 742 18
1 2501 51607 6000 742 19
2 2628 18704 9000 4095 5
2 2629 18804 9000 4095 13
1 2502 51707 6000 742 17
1 2503 51807 6000 742 18
2 2630 18904 9000 4095 10
2 2631 19004 9002 4095 14
1 2504 51907 6000 742 18
1 2505 52007 6000 742 19
2 2632 19104 9002 4095 14
2 2633 19204 9002 4095 10
1 2506 52107 6000 742 17
1 2507 52207 6001 742 16
2 2634 19304 8999 4095 17
2 2635 19404 8999 4095 16
1 2508 52307 6001 742 14
1 2509 52407 6001 742 14
2 2636 19504 8999 4095 11
2 2637 19604 9000 4095 12
1 2510 52507 6002 742 13
1 2511 52607 6002 742 10
2 2638 19704 9000 4095 14
2 2639 19804 9000 4095 12
1 2512 52707 6002 742 13
1 2513 52807 6002 742 15
2 2640 19904 9000 4095 12
2 2641 20004 9000 4095 16
1 2514 52907 6002 742 16
1 2515 53007 6002 742 15
2 2642 20104 9000 4095 22
2 2643 20204 9001 4095 15
1 2516 53107 6001 741 15
1 2517 53207 6001 741 18
2 2644 20304 9001 4095 18
2 2645 20404 9001 4095 23
1 2518 53307 6001 741 17
1 2519 53407 6002 742 15
2 2646 20504 9001 4095 15
2 2647 20604 9001 4095 13
1 2520 53507 6002 742 15
1 2521 53607 6002 742 17
2 2648 20704 9001 4095 11
2 2649 20804 9000 4095 11
1 2522 53707 6003 740 18
1 2523 53807 6003 740 14
2 2650 20904 9000 4095 17
2 2651 21004 9000 4095 14
1 2524 53907 6003 740 15
1 2525 54007 6002 741 18
2 2652 21104 8999 4095 11
2 2653 21204 8999 4095 18
1 2526 54107 6002 741 16
1 2527 54207 6002 741 14
2 2654 21304 8999 4095 13
2 2655 21404 9001 4095 15
1 2528 54307 6002 740 14
1 2529 54407 6002 740 15
2 2656 21504 9001 4095 15
2 2657 21604 9001 4095 16
1 2530 54507 6002 740 15
1 2531 54607 6003 740 11
2 2658 21704 9001 4095 12
2 2659 21804 9001 4095 7
1 2532 54707 6003 740 12
1 2533 54807 6003 740 14
2 2660 21904 9001 4095 17
2 2661 22004 9000 4095 14
1 2534 54907 6003 740 15
1 2535 55007 6003 740 18
2 2662 22104 9000 4095 14
2 2663 22204 9000 4095 12
1 2536 55108 6003 740 16
1 2537 55207 6002 740 16
2 2664 22304 9000 4095 15
2 2665 22404 9000 4095 20
1 2538 55307 6002 740 18
1 2539 55407 6002 740 20
2 2666 22504 9000 4095 14
2 2667 22604 9001 4095 17
1 2540 55507 6002 740 15
1 2541 55607 6002 740 19
2 2668 22704 9001 4095 17
2 2669 22804 9001 4095 19
1 2542 55707 6002 740 20
1 2543 55807 6003 740 21
2 2670 22904 9000 4095 12
2 2671 23004 9000 4095 15
1 2544 55907 6003 740 21
1 2545 56007 6003 740 18
2 2672 23104 9000 4095 13
2 2673 23204 9000 4095 15
1 2546 56107 6004 740 18
1 2547 56207 6004 740 21
2 2674 23305 9000 4095 4
2 2675 23404 9000 4095 11
1 2548 56307 6004 740 22
1 2549 56407 6003 738 15
2 2676 23504 9001 4095 15
2 2677 23604 9001 4095 17
1 2550 56507 6003 738 17
1 2551 56607 6003 738 20
1 2552 56707 6002 740 21
1 2553 56807 6002 740 13
2 2680 23904 9001 4095 11
2 2681 24004 9001 4095 13
1 2554 56907 6002 740 17
1 2555 57007 6002 740 19
2 2682 24104 8999 4095 13
2 2683 24204 8999 4095 14
1 2556 57107 6002 740 20
1 2557 57207 6002 740 16
2 2684 24304 8999 4095 14
2 2685 24404 8999 4095 13
1 2558 57307 6004 740 16
1 2559 57407 6004 740 18
2 2686 24504 8999 4095 13
2 2687 24604 8999 4095 12
1 2560 57507 6004 740 16
1 2561 57607 6004 738 17
2 2688 24704 8999 4095 13
2 2689 24804 8999 4095 13
1 2562 57707 6004 738 12
1 2563 57807 6004 738 12
2 2690 24904 8999 4095 10
2 2691 25004 9000 4095 12
2 2690 24904 8999 4095 10
2 2691 25004 9000 4095 12
1 2564 57907 6002 739 20
1 2565 58007 6002 739 19
2 2692 25104 9000 4095 13
2 2693 25205 9000 4095 13
1 2566 58108 6002 739 17
1 2567 58207 6003 738 17
2 2694 25304 9000 4095 16
2 2695 25404 9000 4095 9
1 2568 58307 6003 738 17
1 2569 58407 6003 738 20
2 2696 25504 9000 4095 13
2 2697 25604 9001 4095 16
1 2570 58507 6002 738 20
1 2571 58607 6002 738 16
2 2698 25704 9001 4095 11
2 2699 25804 9001 4095 12
1 2572 58707 6002 738 17
1 2573 58807 6002 738 19
2 2700 25904 8999 4095 13
2 2701 26004 8999 4095 14
1 2574 58907 6002 738 21
1 2575 59007 6002 738 15
2 2702 26104 8999 4095 14
2 2703 26204 9001 4095 12
1 2576 59107 6004 738 11
1 2577 59207 6004 738 14
2 2704 26304 9001 4095 12
2 2705 26404 9001 4095 14
1 2578 59307 6004 738 17
1 2579 59407 6003 738 15
2 2706 26504 9002 4095 14
2 2707 26604 9002 4095 12
1 2580 59507 6003 738 17
1 2581 59607 6003 738 18
2 2708 26704 9002 4095 12
2 2709 26804 9001 4095 13
1 2582 59707 6003 738 18
1 2583 59808 6003 738 17
2 2710 26904 9001 4095 14
2 2711 27004 9001 4095 13
1 2584 59907 6003 738 18
1 2585 60007 6003 738 19
2 2712 27104 9001 4095 12
2 2713 27204 9001 4095 13
1 2586 60107 6003 738 19
1 2587 60207 6003 738 17
2 2714 27304 9001 4095 15
2 2715 27404 9001 4095 13
1 2588 60307 6004 738 17
1 2589 60407 6004 738 19
2 2716 27504 9001 4095 19
2 2717 27604 9001 4095 11
1 2590 60507 6004 738 19
1 2591 60607 6004 738 19
2 2718 27704 9000 4095 16
2 2719 27804 9000 4095 11
1 2592 60707 6004 738 17
1 2593 60807 6004 738 16
2 2720 27904 9000 4095 13
2 2721 28004 9001 4095 12
1 2594 60907 6002 738 16
1 2595 61007 6002 738 17
2 2722 28105 9001 4095 11
2 2723 28204 9001 4095 14
1 2596 61107 6002 738 15
1 2597 61207 6003 738 15
2 2724 28304 9001 4095 15
2 2725 28404 9001 4095 14
1 2598 61307 6003 738 15
1 2599 61407 6003 738 17
2 2726 28504 9001 4095 12
2 2727 28604 9001 4095 10
1 2600 61507 6004 737 18
1 2601 61607 6004 737 20
2 2728 28704 9001 4095 20
2 2729 28804 9001 4095 13
1 2602 61707 6004 737 16
1 2603 61807 6004 737 19
2 2730 28905 9000 4095 15
2 2731 29004 9000 4095 20
1 2604 61907 6004 737 20
1 2605 62007 6004 737 18
2 2732 29104 9000 4095 12
2 2733 29204 9001 4095 12
1 2606 62107 6002 738 18
1 2607 62207 6002 738 21
2 2734 29304 9001 4095 12
2 2735 29404 9001 4095 10
1 2608 62307 6002 738 20
1 2609 62407 6003 736 17
2 2736 29504 9001 4095 11
2 2737 29604 9001 4095 11
1 2610 62507 6003 736 15
1 2611 62607 6003 736 19
2 2738 29704 9001 4095 12
2 2739 29804 9001 4095 14
1 2612 62707 6004 738 18
1 2613 62807 6004 738 16
2 2740 29904 9001 4095 11
2 2741 30004 9001 4095 11
1 2614 62907 6004 738 15
1 2615 63007 6003 736 16
2 2742 30104 9002 4095 13
2 2743 30204 9002 4095 13
1 2616 63107 6003 736 16
1 2617 63207 6003 736 16
2 2744 30304 9002 4095 13
2 2745 30404 9001 4095 15
1 2618 63307 6004 736 7
1 2619 63407 6004 736 14
2 2746 30504 9001 4095 13
2 2747 30604 9001 4095 9
1 2620 63507 6004 736 16
1 2621 63607 6004 736 16
2 2748 30705 9000 4095 14
2 2749 30804 9000 4095 15
1 2622 63707 6004 736 18
1 2623 63807 6004 736 15
2 2750 30905 9000 4095 15
2 2751 31004 9000 4095 12
1 2624 63907 6005 736 16
1 2625 64007 6005 736 20
2 2752 31104 9000 4095 13
2 2753 31204 9000 4095 15
1 2626 64107 6005 736 20
1 2627 64207 6004 736 17
2 2754 31304 9001 4095 14
2 2755 31404 9001 4095 12
1 2628 64307 6004 736 16
1 2629 64407 6004 736 19
2 2756 31504 9001 4095 12
2 2757 31604 9000 4095 12
1 2630 64507 6003 736 21
1 2631 64607 6003 736 17
2 2758 31704 9000 4095 13
2 2759 31804 9000 4095 13
1 2632 64707 6003 736 16
1 2633 64807 6003 736 18
2 2760 31904 9000 4095 13
2 2761 32004 9000 4095 13
1 2634 64907 6003 736 18
1 2635 65007 6003 736 15
2 2762 32104 9000 4095 14
2 2763 32204 9002 4095 12
1 2636 65107 6006 736 15
1 2637 65207 6006 736 18
2 2764 32304 9002 4095 13
2 2765 32404 9002 4095 10
1 2638 65308 6006 736 18
1 2639 65407 6004 736 18
2 2766 32504 8999 4095 17
2 2767 32604 8999 4095 12
1 2640 65507 6004 736 17
1 2641 71 6004 736 17
2 2768 32704 8999 4095 12
2 2769 32804 9000 4095 13
1 2642 171 6003 736 19
1 2643 271 6003 736 19
2 2770 32904 9000 4095 16
2 2771 33004 9000 4095 12
1 2644 371 6003 736 16
1 2645 471 6004 736 17
2 2772 33104 9003 4095 17
2 2773 33204 9003 4095 10
1 2646 571 6004 736 18
1 2647 671 6004 736 20
2 2774 33304 9003 4095 14
2 2775 33404 9001 4095 12
1 2648 771 6004 735 20
1 2649 871 6004 735 18
2 2776 33504 9001 4095 15
2 2777 33604 9001 4095 16
1 2650 971 6004 735 19
1 2651 1071 6004 736 20
2 2778 33706 9001 4095 13
2 2779 33804 9001 4095 7
1 2652 1171 6004 736 20
1 2653 1271 6004 736 17
2 2780 33905 9001 4095 15
2 2781 34004 9001 4095 12
1 2654 1371 6004 736 16
1 2655 1471 6004 736 19
2 2782 34104 9001 4095 12
2 2783 34204 9001 4095 14
1 2656 1571 6004 736 19
1 2657 1671 6004 736 15
2 2784 34304 9001 4095 14
2 2785 34404 9001 4095 15
1 2658 1771 6004 736 16
1 2659 1871 6004 736 17
2 2786 34504 9001 4095 12
2 2787 34604 9000 4095 13
1 2660 1971 6005 736 17
1 2661 2071 6005 736 17
2 2788 34704 9000 4095 16
2 2789 34804 9000 4095 12
1 2662 2171 6005 736 15
1 2663 2271 6004 735 18
2 2790 34904 9001 4095 13
2 2791 35004 9001 4095 14
1 2664 2371 6004 735 20
1 2665 2471 6004 735 19
2 2792 35104 9001 4095 12
2 2793 35205 9001 4095 5
1 2666 2571 6004 735 14
1 2667 2671 6004 735 18
2 2794 35304 9001 4095 13
2 2795 35404 9001 4095 12
1 2668 2771 6004 735 20
1 2669 2871 6004 736 16
2 2796 35504 9001 4095 14
2 2797 35604 9001 4095 16
1 2670 2971 6004 736 19
1 2671 3071 6004 736 20
2 2798 35704 9001 4095 12
2 2799 35804 9000 4095 12
1 2672 3172 6005 736 18
1 2673 3271 6005 736 21
2 2800 35904 9000 4095 12
2 2801 36004 9000 4095 20
1 2674 3371 6005 736 16
1 2675 3471 6004 736 17
2 2802 36104 9002 4095 14
2 2803 36204 9002 4095 16
1 2676 3571 6004 736 19
1 2677 3671 6004 736 20
2 2804 36304 9002 4095 11
2 2805 36404 9001 4095 15
1 2678 3771 6004 736 21
1 2679 3871 6004 736 18
2 2806 36504 9001 4095 14
2 2807 36604 9001 4095 14
1 2680 3971 6004 736 17
1 2681 4071 6005 736 19
2 2808 36704 9001 4095 12
2 2809 36804 9001 4095 6
1 2682 4171 6005 736 14
1 2683 4271 6005 736 16
2 2810 36904 9001 4095 14
2 2811 37004 9001 4095 12
1 2684 4371 6006 736 17
1 2685 4471 6006 736 20
2 2812 37104 9001 4095 12
2 2813 37204 9001 4095 14
1 2686 4571 6006 736 20
1 2687 4671 6005 736 18
2 2814 37304 9001 4095 15
2 2815 37404 9001 4095 13
1 2688 4771 6005 736 18
1 2689 4871 6005 736 19
2 2816 37504 9001 4095 12
2 2817 37604 9001 4095 11
1 2690 4971 6004 736 19
1 2691 5071 6004 736 20
2 2818 37704 9001 4095 13
2 2819 37804 9001 4095 15
1 2692 5171 6004 736 18
1 2693 5271 6006 736 17
2 2820 37904 9001 4095 13
2 2821 38004 9001 4095 4
1 2694 5371 6006 736 17
1 2695 5471 6006 736 19
2 2822 38104 9001 4095 13
2 2823 38204 9001 4095 14
1 2696 5571 6006 736 17
1 2697 5671 6006 736 15
2 2824 38304 9001 4095 15
2 2825 38404 9001 4095 13
1 2698 5771 6006 736 17
1 2699 5871 6006 736 19
2 2826 38504 9000 4095 12
2 2827 38605 9000 4095 13
1 2700 5971 6006 736 22
1 2701 6071 6006 736 17
2 2828 38704 9000 4095 14
2 2829 38804 9001 4095 13
1 2702 6171 6004 736 17
1 2703 6271 6004 736 18
2 2830 38904 9001 4095 13
2 2831 39004 9001 4095 11
1 2704 6371 6004 736 19
1 2705 6471 6005 736 17
2 2832 39104 9001 4095 14
2 2833 39204 9001 4095 13
1 2706 6571 6005 736 16
1 2707 6671 6005 736 20
2 2834 39304 9001 4095 12
2 2835 39404 9000 4095 14
1 2708 6771 6006 736 21
1 2709 6871 6006 736 19
2 2836 39504 9000 4095 11
2 2837 39604 9000 4095 10
1 2710 6971 6006 736 18
1 2711 7071 6005 737 20
2 2838 39704 9001 4095 11
2 2839 39804 9001 4095 15
1 2712 7171 6005 737 16
1 2713 7271 6005 737 20
2 2840 39904 9001 4095 5
2 2841 40004 9002 4095 15
1 2714 7371 6004 736 18
1 2715 7471 6004 736 18
2 2842 40104 9002 4095 11
2 2843 40204 9002 4095 12
1 2716 7571 6004 736 20
1 2717 7671 6005 737 20
2 2844 40304 9001 4095 14
2 2845 40404 9001 4095 16
1 2718 7771 6005 737 20
1 2719 7871 6005 737 18
2 2846 40504 9001 4095 14
2 2847 40604 9002 4095 12
1 2720 7971 6007 738 20
1 2721 8071 6007 738 20
2 2848 40704 9002 4095 13
2 2849 40804 9002 4095 14
1 2722 8171 6007 738 18
1 2723 8271 6005 737 18
2 2850 40904 9002 4095 14
2 2851 41004 9002 4095 14
1 2724 8371 6005 737 17
1 2725 8471 6005 737 20
2 2852 41104 9002 4095 12
2 2853 41204 9002 4095 13
1 2726 8571 6004 738 17
1 2727 8671 6004 738 13
2 2854 41304 9002 4095 13
2 2855 41404 9002 4095 13
1 2728 8771 6004 738 18
1 2729 8871 6006 737 20
2 2856 41504 9002 4095 12
2 2857 41604 9002 4095 15
1 2730 8971 6006 737 20
1 2731 9071 6006 737 18
2 2858 41704 9002 4095 14
2 2859 41804 9002 4095 12
1 2732 9171 6005 738 18
1 2733 9271 6005 738 19
2 2860 41904 9002 4095 12
2 2861 42004 9002 4095 12
1 2734 9371 6005 738 21
1 2735 9471 6006 738 19
2 2862 42104 9001 4095 11
2 2863 42204 9001 4095 15
1 2736 9571 6006 738 17
1 2737 9671 6006 738 19
2 2864 42304 9001 4095 12
2 2865 42404 9002 4095 18
1 2738 9771 6004 738 20
1 2739 9871 6004 738 18
2 2866 42504 9002 4095 14
2 2867 42604 9002 4095 5
1 2740 9971 6004 738 17
1 2741 10071 6006 738 17
2 2868 42704 9002 4095 11
2 2869 42804 9002 4095 18
1 2742 10171 6006 738 17
1 2743 10271 6006 738 19
2 2870 42904 9002 4095 14
2 2871 43006 9002 4095 5
1 2744 10371 6006 738 16
1 2745 10471 6006 738 15
2 2872 43104 9002 4095 14
2 2873 43204 9002 4095 12
1 2746 10571 6006 738 16
1 2747 10671 6006 738 18
2 2874 43304 9001 4095 12
2 2875 43404 9001 4095 19
1 2748 10771 6006 738 18
1 2749 10871 6006 738 15
2 2876 43504 9001 4095 14
2 2877 43604 9002 4095 12
1 2750 10971 6005 738 16
1 2751 11071 6005 738 19
2 2878 43704 9002 4095 14
2 2879 43804 9002 4095 14
1 2752 11171 6005 738 20
1 2753 11271 6005 738 17
2 2880 43904 9001 4095 14
2 2881 44004 9001 4095 13
1 2754 11372 6005 738 17
1 2755 11471 6005 738 20
2 2882 44104 9001 4095 13
2 2883 44204 9001 4095 13
1 2756 11571 6006 739 21
1 2757 11671 6006 739 18
2 2884 44304 9001 4095 14
2 2885 44404 9001 4095 12
1 2758 11771 6006 739 16
1 2759 11871 6006 738 20
2 2886 44504 9000 4095 12
2 2887 44604 9000 4095 10
1 2760 11971 6006 738 19
1 2761 12071 6006 738 17
2 2888 44704 9000 4095 14
2 2889 44804 9001 4095 12
1 2762 12172 6006 738 17
1 2763 12271 6006 738 15
2 2890 44904 9001 4095 12
2 2891 45004 9001 4095 7
1 2764 12371 6006 738 17
1 2765 12471 6007 738 17
2 2892 45105 9001 4095 13
2 2893 45204 9001 4095 7
1 2766 12571 6007 738 16
1 2767 12671 6007 738 15
2 2894 45304 9001 4095 13
2 2895 45404 9001 4095 13
1 2768 12771 6008 739 16
1 2769 12871 6008 739 18
2 2896 45504 9001 4095 17
2 2897 45604 9001 4095 21
1 2770 12971 6008 739 17
1 2771 13071 6006 739 16
2 2898 45704 9001 4095 13
2 2899 45804 9001 4095 12
1 2772 13171 6006 739 16
1 2773 13271 6006 739 20
2 2900 45904 9001 4095 12
2 2901 46004 9001 4095 18
1 2774 13371 6006 739 20
1 2775 13471 6006 739 17
2 2902 46104 9001 4095 12
2 2903 46204 9001 4095 12
1 2776 13571 6006 739 18
1 2777 13671 6006 738 20
2 2904 46304 9001 4095 13
2 2905 46404 9001 4095 14
1 2778 13771 6006 738 20
1 2779 13871 6006 738 18
2 2906 46504 9001 4095 14
2 2907 46604 9001 4095 11
1 2780 13971 6006 740 17
1 2781 14071 6006 740 19
2 2908 46704 9001 4095 5
2 2909 46804 9001 4095 14
1 2782 14171 6006 740 20
1 2783 14271 6006 739 17
2 2910 46904 9002 4095 14
2 2911 47004 9002 4095 12
1 2784 14371 6006 739 16
1 2785 14471 6006 739 18
2 2912 47104 9002 4095 9
2 2913 47204 9000 4095 15
1 2786 14571 6005 740 18
1 2787 14671 6005 740 16
2 2914 47304 9000 4095 15
2 2915 47404 9000 4095 14
1 2788 14771 6005 740 16
1 2789 14871 6007 740 17
2 2916 47504 9001 4095 13
2 2917 47604 9001 4095 13
1 2790 14971 6007 740 17
1 2791 15071 6007 740 18
2 2918 47704 9001 4095 15
2 2919 47804 9001 4095 11
1 2792 15171 6007 740 18
1 2793 15271 6007 740 16
2 2920 47904 9001 4095 15
2 2921 48004 9001 4095 12
1 2794 15371 6007 740 18
1 2795 15471 6006 740 20
2 2922 48104 9000 4095 13
2 2923 48204 9000 4095 14
1 2796 15571 6006 740 20
1 2797 15671 6006 740 18
2 2924 48304 9000 4095 14
2 2925 48404 9001 4095 12
1 2798 15771 6006 740 19
1 2799 15871 6006 740 21
2 2926 48504 9001 4095 12
2 2927 48604 9001 4095 15
1 2800 15971 6006 740 21
1 2801 16071 6006 740 18
2 2928 48704 9000 4095 14
2 2929 48804 9000 4095 12
1 2802 16171 6006 740 17
1 2803 16271 6006 740 20
2 2930 48904 9000 4095 12
2 2931 49004 9000 4095 12
1 2804 16371 6007 740 21
1 2805 16471 6007 740 16
2 2932 49104 9000 4095 14
2 2933 49204 9000 4095 11
1 2806 16571 6007 740 18
1 2807 16671 6005 740 19
2 2934 49304 9000 4095 12
2 2935 49404 9000 4095 12
1 2808 16771 6005 740 18
1 2809 16871 6005 740 16
2 2936 49504 9000 4095 14
2 2937 49604 9000 4095 13
1 2810 16971 6006 740 16
1 2811 17071 6006 740 16
2 2938 49704 9000 4095 13
2 2939 49804 9000 4095 14
1 2812 17171 6006 740 17
1 2813 17271 6007 740 17
2 2940 49905 9001 4095 16
2 2941 50004 9001 4095 15
1 2814 17371 6007 740 16
1 2815 17471 6007 740 15
2 2942 50104 9001 4095 13
2 2943 50204 9001 4095 12
1 2816 17572 6008 740 16
1 2817 17671 6008 740 18
2 2944 50304 9001 4095 12
2 2945 50404 9001 4095 15
1 2818 17771 6008 740 17
1 2819 17871 6006 741 17
2 2946 50504 9001 4095 14
2 2947 50604 9001 4095 15
1 2820 17971 6006 741 17
1 2821 18071 6006 741 21
2 2948 50705 9001 4095 12
2 2949 50804 9000 4095 14
1 2822 18171 6006 740 19
1 2823 18271 6006 740 17
2 2950 50904 9000 4095 15
2 2951 51005 9000 4095 11
1 2824 18371 6006 740 18
1 2825 18471 6007 741 21
2 2952 51104 8999 4095 12
2 2953 51204 8999 4095 15
1 2826 18571 6007 741 20
1 2827 18671 6007 741 17
2 2954 51304 8999 4095 14
2 2955 51404 9001 4095 10
1 2828 18771 6008 742 18
1 2829 18871 6008 742 20
2 2956 51504 9001 4095 12
2 2957 51604 9001 4095 13
1 2830 18971 6008 742 20
1 2831 19071 6006 741 17
2 2958 51704 9001 4095 14
2 2959 51804 9001 4095 11
1 2832 19171 6006 741 16
1 2833 19271 6006 741 18
2 2960 51904 9001 4095 12
2 2961 52004 9000 4095 17
1 2834 19371 6006 742 18
1 2835 19471 6006 742 16
2 2962 52105 9000 4095 12
2 2963 52204 9000 4095 14
1 2836 19571 6006 742 15
1 2837 19671 6006 742 15
2 2964 52304 9001 4095 8
2 2965 52404 9001 4095 8
1 2838 19771 6006 742 16
1 2839 19871 6006 742 17
2 2966 52504 9001 4095 13
2 2967 52604 9002 4095 17
1 2840 19971 6008 742 15
1 2841 20071 6008 742 16
2 2968 52704 9002 4095 13
2 2969 52804 9002 4095 9
1 2842 20171 6008 742 17
1 2843 20271 6006 742 19
2 2970 52904 9001 4095 13
2 2971 53004 9001 4095 15
1 2844 20371 6006 742 20
1 2845 20471 6006 742 18
2 2972 53104 9001 4095 15
2 2973 53204 9001 4095 14
1 2846 20571 6008 742 18
1 2847 20671 6008 742 20
2 2974 53304 9001 4095 12
2 2975 53404 9001 4095 14
1 2848 20771 6008 742 21
1 2849 20871 6008 742 18
2 2976 53504 9001 4095 14
2 2977 53604 9001 4095 12
1 2850 20971 6008 742 18
1 2851 21071 6008 742 20
2 2978 53704 9001 4095 13
2 2979 53804 9001 4095 10
1 2852 21172 6007 742 19
1 2853 21272 6007 742 17
2 2980 53904 9001 4095 14
2 2981 54004 9001 4095 13
1 2854 21371 6007 742 16
1 2855 21471 6007 742 18
2 2982 54104 9000 4095 12
2 2983 54204 9000 4095 13
1 2856 21571 6007 742 18
1 2857 21671 6007 742 17
2 2984 54304 9000 4095 14
2 2985 54404 9000 4095 12
1 2858 21771 6006 743 16
1 2859 21871 6006 743 16
2 2986 54504 9000 4095 10
2 2987 54604 9000 4095 12
1 2860 21971 6006 743 17
1 2861 22071 6008 743 18
2 2988 54704 9001 4095 14
2 2989 54804 9001 4095 13
1 2862 22171 6008 743 18
1 2863 22271 6008 743 18
2 2990 54904 9001 4095 8
2 2991 55004 9001 4095 13
1 2864 22371 6007 742 20
1 2865 22471 6007 742 21
2 2992 55104 9001 4095 13
2 2993 55204 9001 4095 16
1 2866 22571 6007 742 20
1 2867 22671 6006 742 18
2 2994 55304 9001 4095 14
2 2995 55404 9001 4095 13
1 2868 22771 6006 742 18
1 2869 22871 6006 742 21
2 2996 55504 9001 4095 14
2 2997 55605 9001 4095 16
1 2870 22971 6006 742 20
1 2871 23071 6006 742 18
2 2998 55704 9001 4095 16
2 2999 55804 9001 4095 13
1 2872 23171 6006 742 18
1 2873 23271 6007 744 21
2 3000 55904 9001 4095 10
2 3001 56004 9001 4095 16
1 2874 23371 6007 744 20
1 2875 23471 6007 744 14
2 3002 56104 9001 4095 17
2 3003 56204 9001 4095 14
1 2876 23571 6008 742 19
1 2877 23671 6008 742 20
2 3004 56304 9001 4095 18
2 3005 56404 9001 4095 15
1 2878 23771 6008 742 21
1 2879 23871 6008 743 18
2 3006 56505 9001 4095 15
2 3007 56604 9001 4095 15
1 2880 23971 6008 743 17
1 2881 24071 6008 743 20
2 3008 56704 9001 4095 14
2 3009 56804 9000 4095 15
1 2882 24171 6007 744 21
1 2883 24271 6007 744 19
2 3010 56904 9000 4095 16
2 3011 57004 9000 4095 14
1 2884 24371 6007 744 17
1 2885 24471 6008 744 20
2 3012 57104 9001 4095 13
2 3013 57204 9001 4095 14
1 2886 24571 6008 744 19
1 2887 24671 6008 744 20
2 3014 57304 9001 4095 14
2 3015 57405 9002 4095 13
1 2888 24771 6009 744 17
1 2889 24871 6009 744 17
2 3016 57504 9002 4095 13
2 3017 57604 9002 4095 12
1 2890 24971 6009 744 18
1 2891 25071 6008 744 19
2 3018 57704 9000 4095 13
2 3019 57804 9000 4095 11
1 2892 25171 6008 744 18
1 2893 25271 6008 744 16
2 3020 57904 9000 4095 13
2 3021 58004 9002 4095 13
1 2894 25371 6007 744 17
1 2895 25471 6007 744 17
2 3022 58104 9002 4095 13
2 3023 58204 9002 4095 14
1 2896 25571 6007 744 19
1 2897 25671 6008 744 17
2 3024 58304 9001 4095 14
2 3025 58404 9001 4095 12
1 2898 25771 6008 744 16
1 2899 25871 6008 744 19
2 3026 58504 9001 4095 12
2 3027 58604 9001 4095 14
1 2900 25971 6008 744 20
1 2901 26071 6008 744 17
2 3028 58704 9001 4095 15
2 3029 58804 9001 4095 12
1 2902 26171 6008 744 17
1 2903 26272 6008 744 19
2 3030 58904 9002 4095 12
2 3031 59004 9002 4095 13
1 2904 26371 6008 744 19
1 2905 26471 6008 744 18
2 3032 59104 9002 4095 15
2 3033 59204 9003 4095 12
1 2906 26571 6006 744 17
1 2907 26671 6006 744 19
2 3034 59304 9003 4095 12
2 3035 59404 9003 4095 13
1 2908 26771 6006 744 19
1 2909 26871 6007 746 17
2 3036 59504 9002 4095 14
2 3037 59604 9002 4095 14
1 2910 26971 6007 746 16
1 2911 27071 6007 746 16
2 3038 59704 9002 4095 13
2 3039 59804 9002 4095 13
1 2912 27171 6008 746 17
1 2913 27271 6008 746 17
2 3040 59904 9002 4095 12
2 3041 60004 9002 4095 15
1 2914 27371 6008 746 15
1 2915 27471 6008 745 15
2 3042 60104 9003 4095 12
2 3043 60204 9003 4095 12
1 2916 27571 6008 745 14
1 2917 27671 6008 745 18
2 3044 60304 9003 4095 13
2 3045 60404 9002 4095 14
1 2918 27771 6006 746 18
1 2919 27871 6006 746 15
2 3046 60504 9002 4095 15
2 3047 60605 9002 4095 12
1 2920 27971 6006 746 16
1 2921 28071 6008 746 18
2 3048 60704 9002 4095 12
2 3049 60804 9002 4095 14
1 2922 28171 6008 746 19
1 2923 28271 6008 746 17
2 3050 60904 9002 4095 15
2 3051 61004 9002 4095 12
1 2924 28371 6008 746 17
1 2925 28471 6008 746 19
2 3052 61104 9002 4095 13
2 3053 61204 9002 4095 13
1 2926 28571 6008 746 20
1 2927 28671 6009 746 18
2 3054 61304 9002 4095 15
2 3055 61404 9002 4095 12
1 2928 28771 6009 746 17
1 2929 28871 6009 746 19
2 3056 61504 9002 4095 13
2 3057 61604 9002 4095 15
1 2930 28971 6008 746 19
1 2931 29071 6008 746 17
2 3058 61704 9002 4095 13
2 3059 61804 9002 4095 13
1 2932 29171 6008 746 17
1 2933 29271 6009 746 17
2 3060 61905 9002 4095 11
2 3061 62004 9002 4095 12
1 2934 29371 6009 746 16
1 2935 29471 6009 746 17
2 3062 62104 9002 4095 14
2 3063 62204 9002 4095 14
1 2936 29571 6008 746 19
1 2937 29671 6008 746 15
2 3064 62304 9002 4095 12
2 3065 62404 9002 4095 13
1 2938 29771 6008 746 17
1 2939 29871 6008 746 18
2 3066 62504 9002 4095 13
2 3067 62604 9002 4095 15
1 2940 29971 6008 746 18
1 2941 30071 6008 746 15
2 3068 62704 9002 4095 14
2 3069 62804 9003 4095 13
1 2942 30171 6009 746 17
1 2943 30271 6009 746 19
2 3070 62904 9003 4095 13
2 3071 63004 9003 4095 14
1 2944 30371 6009 746 19
1 2945 30471 6008 746 17
2 3072 63104 9003 4095 14
2 3073 63204 9003 4095 13
1 2946 30571 6008 746 18
1 2947 30671 6008 746 21
2 3074 63304 9003 4095 11
2 3075 63404 9003 4095 15
1 2948 30771 6008 748 21
1 2949 30871 6008 748 18
2 3076 63504 9003 4095 15
2 3077 63605 9003 4095 13
1 2950 30971 6008 748 18
1 2951 31071 6009 747 21
2 3078 63704 9003 4095 13
2 3079 63804 9003 4095 16
1 2952 31171 6009 747 20
1 2953 31271 6009 747 18
2 3080 63904 9003 4095 12
2 3081 64004 9004 4095 14
1 2954 31371 6008 748 17
1 2955 31471 6008 748 19
2 3082 64104 9004 4095 14
2 3083 64204 9004 4095 15
1 2956 31571 6008 748 20
1 2957 31672 6008 748 20
2 3084 64304 9003 4095 16
2 3085 64404 9003 4095 15
1 2958 31771 6008 748 20
1 2959 31871 6008 748 19
2 3086 64504 9003 4095 13
2 3087 64604 9003 4095 14
1 2960 31971 6009 748 20
1 2961 32071 6009 748 21
2 3088 64704 9003 4095 16
2 3089 64804 9003 4095 16
1 2962 32171 6009 748 18
1 2963 32271 6008 748 17
2 3090 64904 9003 4095 15
2 3091 65004 9003 4095 15
1 2964 32371 6008 748 19
1 2965 32471 6008 748 21
2 3092 65104 9003 4095 14
2 3093 65204 9003 4095 16
1 2966 32571 6008 748 21
1 2967 32671 6008 748 18
2 3094 65304 9003 4095 15
2 3095 65404 9003 4095 15
1 2968 32771 6008 748 18
1 2969 32871 6010 749 20
2 3096 65504 9005 4095 15
2 3097 68 9005 4095 15
1 2970 32971 6010 749 19
1 2971 33071 6010 749 15
2 3098 168 9005 4095 17
2 3099 268 9004 4095 12
1 2972 33171 6010 749 14
1 2973 33271 6010 749 14
2 3100 368 9004 4095 11
2 3101 468 9004 4095 10
1 2974 33371 6010 749 12
1 2975 33471 6008 750 11
2 3102 568 9004 4095 11
2 3103 668 9004 4095 10
1 2976 33571 6008 750 12
1 2977 33671 6008 750 14
2 3104 768 9004 4095 10
2 3105 869 9004 4095 11
1 2978 33771 6008 750 14
1 2979 33871 6008 750 12
2 3106 968 9004 4095 11
2 3107 1068 9004 4095 11
1 2980 33971 6008 750 12
1 2981 34071 6009 750 16
2 3108 1169 9003 4095 11
2 3109 1268 9003 4095 14
1 2982 34171 6009 750 18
1 2983 34271 6009 750 17
2 3110 1368 9003 4095 16
2 3111 1468 9005 4095 14
1 2984 34371 6010 751 17
1 2985 34471 6010 751 17
2 3112 1568 9005 4095 16
2 3113 1668 9005 4095 14
1 2986 34571 6010 751 17
1 2987 34671 6009 752 20
2 3114 1768 9003 4095 15
2 3115 1868 9003 4095 17
1 2988 34771 6009 752 20
1 2989 34871 6009 752 17
2 3116 1968 9003 4095 14
2 3117 2068 9003 4095 14
1 2990 34971 6009 752 19
1 2991 35071 6009 752 19
2 3118 2168 9003 4095 14
2 3119 2268 9003 4095 16
1 2992 35171 6009 752 19
1 2993 35271 6010 752 17
2 3120 2368 9003 4095 16
2 3121 2468 9003 4095 14
1 2994 35371 6010 752 16
1 2995 35471 6010 752 20
2 3122 2568 9003 4095 14
2 3123 2668 9005 4095 15
